DIMENS
   3   3  20
/

COMPDAT
--Name	I location	J location	upper K		Lower K		Well Diameter Skin Factor
prd    	3      3     1	     10       1.0   0.0 /
inj    	1      1     10	     20       1.0   0.0 /

/

COORD
      0.00      0.00   7030.00      0.00      0.00   7030.00
    100.00      0.00   7030.00    100.00      0.00   7030.00
    200.00      0.00   7030.00    200.00      0.00   7030.00
    300.00      0.00   7030.00    300.00      0.00   7030.00
 
      0.00    100.00   7030.00      0.00    100.00   7030.00
    100.00    100.00   7030.00    100.00    100.00   7030.00
    200.00    100.00   7030.00    200.00    100.00   7030.00
    300.00    100.00   7030.00    300.00    100.00   7030.00
 
      0.00    200.00   7030.00      0.00    200.00   7030.00
    100.00    200.00   7030.00    100.00    200.00   7030.00
    200.00    200.00   7030.00    200.00    200.00   7030.00
    300.00    200.00   7030.00    300.00    200.00   7030.00
 
      0.00    300.00   7030.00      0.00    300.00   7030.00
    100.00    300.00   7030.00    100.00    300.00   7030.00
    200.00    300.00   7030.00    200.00    300.00   7030.00
    300.00    300.00   7030.00    300.00    300.00   7030.00
 
/

ZCORN
   7030.00
   7030.00
   7030.00
   7030.00
   7030.00
   7030.00
   7030.00
   7030.00
   7030.00
   7030.00
   7030.00
   7030.00
   7030.00
   7030.00
   7030.00
   7030.00
   7030.00
   7030.00
   7030.00
   7030.00
   7030.00
   7030.00
   7030.00
   7030.00
   7030.00
   7030.00
   7030.00
   7030.00
   7030.00
   7030.00
   7030.00
   7030.00
   7030.00
   7030.00
   7030.00
   7030.00
   7050.00
   7050.00
   7050.00
   7050.00
   7050.00
   7050.00
   7050.00
   7050.00
   7050.00
   7050.00
   7050.00
   7050.00
   7050.00
   7050.00
   7050.00
   7050.00
   7050.00
   7050.00
   7050.00
   7050.00
   7050.00
   7050.00
   7050.00
   7050.00
   7050.00
   7050.00
   7050.00
   7050.00
   7050.00
   7050.00
   7050.00
   7050.00
   7050.00
   7050.00
   7050.00
   7050.00
   7050.00
   7050.00
   7050.00
   7050.00
   7050.00
   7050.00
   7050.00
   7050.00
   7050.00
   7050.00
   7050.00
   7050.00
   7050.00
   7050.00
   7050.00
   7050.00
   7050.00
   7050.00
   7050.00
   7050.00
   7050.00
   7050.00
   7050.00
   7050.00
   7050.00
   7050.00
   7050.00
   7050.00
   7050.00
   7050.00
   7050.00
   7050.00
   7050.00
   7050.00
   7050.00
   7050.00
   7070.00
   7070.00
   7070.00
   7070.00
   7070.00
   7070.00
   7070.00
   7070.00
   7070.00
   7070.00
   7070.00
   7070.00
   7070.00
   7070.00
   7070.00
   7070.00
   7070.00
   7070.00
   7070.00
   7070.00
   7070.00
   7070.00
   7070.00
   7070.00
   7070.00
   7070.00
   7070.00
   7070.00
   7070.00
   7070.00
   7070.00
   7070.00
   7070.00
   7070.00
   7070.00
   7070.00
   7070.00
   7070.00
   7070.00
   7070.00
   7070.00
   7070.00
   7070.00
   7070.00
   7070.00
   7070.00
   7070.00
   7070.00
   7070.00
   7070.00
   7070.00
   7070.00
   7070.00
   7070.00
   7070.00
   7070.00
   7070.00
   7070.00
   7070.00
   7070.00
   7070.00
   7070.00
   7070.00
   7070.00
   7070.00
   7070.00
   7070.00
   7070.00
   7070.00
   7070.00
   7070.00
   7070.00
   7090.00
   7090.00
   7090.00
   7090.00
   7090.00
   7090.00
   7090.00
   7090.00
   7090.00
   7090.00
   7090.00
   7090.00
   7090.00
   7090.00
   7090.00
   7090.00
   7090.00
   7090.00
   7090.00
   7090.00
   7090.00
   7090.00
   7090.00
   7090.00
   7090.00
   7090.00
   7090.00
   7090.00
   7090.00
   7090.00
   7090.00
   7090.00
   7090.00
   7090.00
   7090.00
   7090.00
   7090.00
   7090.00
   7090.00
   7090.00
   7090.00
   7090.00
   7090.00
   7090.00
   7090.00
   7090.00
   7090.00
   7090.00
   7090.00
   7090.00
   7090.00
   7090.00
   7090.00
   7090.00
   7090.00
   7090.00
   7090.00
   7090.00
   7090.00
   7090.00
   7090.00
   7090.00
   7090.00
   7090.00
   7090.00
   7090.00
   7090.00
   7090.00
   7090.00
   7090.00
   7090.00
   7090.00
   7110.00
   7110.00
   7110.00
   7110.00
   7110.00
   7110.00
   7110.00
   7110.00
   7110.00
   7110.00
   7110.00
   7110.00
   7110.00
   7110.00
   7110.00
   7110.00
   7110.00
   7110.00
   7110.00
   7110.00
   7110.00
   7110.00
   7110.00
   7110.00
   7110.00
   7110.00
   7110.00
   7110.00
   7110.00
   7110.00
   7110.00
   7110.00
   7110.00
   7110.00
   7110.00
   7110.00
   7110.00
   7110.00
   7110.00
   7110.00
   7110.00
   7110.00
   7110.00
   7110.00
   7110.00
   7110.00
   7110.00
   7110.00
   7110.00
   7110.00
   7110.00
   7110.00
   7110.00
   7110.00
   7110.00
   7110.00
   7110.00
   7110.00
   7110.00
   7110.00
   7110.00
   7110.00
   7110.00
   7110.00
   7110.00
   7110.00
   7110.00
   7110.00
   7110.00
   7110.00
   7110.00
   7110.00
   7130.00
   7130.00
   7130.00
   7130.00
   7130.00
   7130.00
   7130.00
   7130.00
   7130.00
   7130.00
   7130.00
   7130.00
   7130.00
   7130.00
   7130.00
   7130.00
   7130.00
   7130.00
   7130.00
   7130.00
   7130.00
   7130.00
   7130.00
   7130.00
   7130.00
   7130.00
   7130.00
   7130.00
   7130.00
   7130.00
   7130.00
   7130.00
   7130.00
   7130.00
   7130.00
   7130.00
   7130.00
   7130.00
   7130.00
   7130.00
   7130.00
   7130.00
   7130.00
   7130.00
   7130.00
   7130.00
   7130.00
   7130.00
   7130.00
   7130.00
   7130.00
   7130.00
   7130.00
   7130.00
   7130.00
   7130.00
   7130.00
   7130.00
   7130.00
   7130.00
   7130.00
   7130.00
   7130.00
   7130.00
   7130.00
   7130.00
   7130.00
   7130.00
   7130.00
   7130.00
   7130.00
   7130.00
   7150.00
   7150.00
   7150.00
   7150.00
   7150.00
   7150.00
   7150.00
   7150.00
   7150.00
   7150.00
   7150.00
   7150.00
   7150.00
   7150.00
   7150.00
   7150.00
   7150.00
   7150.00
   7150.00
   7150.00
   7150.00
   7150.00
   7150.00
   7150.00
   7150.00
   7150.00
   7150.00
   7150.00
   7150.00
   7150.00
   7150.00
   7150.00
   7150.00
   7150.00
   7150.00
   7150.00
   7150.00
   7150.00
   7150.00
   7150.00
   7150.00
   7150.00
   7150.00
   7150.00
   7150.00
   7150.00
   7150.00
   7150.00
   7150.00
   7150.00
   7150.00
   7150.00
   7150.00
   7150.00
   7150.00
   7150.00
   7150.00
   7150.00
   7150.00
   7150.00
   7150.00
   7150.00
   7150.00
   7150.00
   7150.00
   7150.00
   7150.00
   7150.00
   7150.00
   7150.00
   7150.00
   7150.00
   7170.00
   7170.00
   7170.00
   7170.00
   7170.00
   7170.00
   7170.00
   7170.00
   7170.00
   7170.00
   7170.00
   7170.00
   7170.00
   7170.00
   7170.00
   7170.00
   7170.00
   7170.00
   7170.00
   7170.00
   7170.00
   7170.00
   7170.00
   7170.00
   7170.00
   7170.00
   7170.00
   7170.00
   7170.00
   7170.00
   7170.00
   7170.00
   7170.00
   7170.00
   7170.00
   7170.00
   7170.00
   7170.00
   7170.00
   7170.00
   7170.00
   7170.00
   7170.00
   7170.00
   7170.00
   7170.00
   7170.00
   7170.00
   7170.00
   7170.00
   7170.00
   7170.00
   7170.00
   7170.00
   7170.00
   7170.00
   7170.00
   7170.00
   7170.00
   7170.00
   7170.00
   7170.00
   7170.00
   7170.00
   7170.00
   7170.00
   7170.00
   7170.00
   7170.00
   7170.00
   7170.00
   7170.00
   7190.00
   7190.00
   7190.00
   7190.00
   7190.00
   7190.00
   7190.00
   7190.00
   7190.00
   7190.00
   7190.00
   7190.00
   7190.00
   7190.00
   7190.00
   7190.00
   7190.00
   7190.00
   7190.00
   7190.00
   7190.00
   7190.00
   7190.00
   7190.00
   7190.00
   7190.00
   7190.00
   7190.00
   7190.00
   7190.00
   7190.00
   7190.00
   7190.00
   7190.00
   7190.00
   7190.00
   7190.00
   7190.00
   7190.00
   7190.00
   7190.00
   7190.00
   7190.00
   7190.00
   7190.00
   7190.00
   7190.00
   7190.00
   7190.00
   7190.00
   7190.00
   7190.00
   7190.00
   7190.00
   7190.00
   7190.00
   7190.00
   7190.00
   7190.00
   7190.00
   7190.00
   7190.00
   7190.00
   7190.00
   7190.00
   7190.00
   7190.00
   7190.00
   7190.00
   7190.00
   7190.00
   7190.00
   7210.00
   7210.00
   7210.00
   7210.00
   7210.00
   7210.00
   7210.00
   7210.00
   7210.00
   7210.00
   7210.00
   7210.00
   7210.00
   7210.00
   7210.00
   7210.00
   7210.00
   7210.00
   7210.00
   7210.00
   7210.00
   7210.00
   7210.00
   7210.00
   7210.00
   7210.00
   7210.00
   7210.00
   7210.00
   7210.00
   7210.00
   7210.00
   7210.00
   7210.00
   7210.00
   7210.00
   7210.00
   7210.00
   7210.00
   7210.00
   7210.00
   7210.00
   7210.00
   7210.00
   7210.00
   7210.00
   7210.00
   7210.00
   7210.00
   7210.00
   7210.00
   7210.00
   7210.00
   7210.00
   7210.00
   7210.00
   7210.00
   7210.00
   7210.00
   7210.00
   7210.00
   7210.00
   7210.00
   7210.00
   7210.00
   7210.00
   7210.00
   7210.00
   7210.00
   7210.00
   7210.00
   7210.00
   7230.00
   7230.00
   7230.00
   7230.00
   7230.00
   7230.00
   7230.00
   7230.00
   7230.00
   7230.00
   7230.00
   7230.00
   7230.00
   7230.00
   7230.00
   7230.00
   7230.00
   7230.00
   7230.00
   7230.00
   7230.00
   7230.00
   7230.00
   7230.00
   7230.00
   7230.00
   7230.00
   7230.00
   7230.00
   7230.00
   7230.00
   7230.00
   7230.00
   7230.00
   7230.00
   7230.00
   7230.00
   7230.00
   7230.00
   7230.00
   7230.00
   7230.00
   7230.00
   7230.00
   7230.00
   7230.00
   7230.00
   7230.00
   7230.00
   7230.00
   7230.00
   7230.00
   7230.00
   7230.00
   7230.00
   7230.00
   7230.00
   7230.00
   7230.00
   7230.00
   7230.00
   7230.00
   7230.00
   7230.00
   7230.00
   7230.00
   7230.00
   7230.00
   7230.00
   7230.00
   7230.00
   7230.00
   7250.00
   7250.00
   7250.00
   7250.00
   7250.00
   7250.00
   7250.00
   7250.00
   7250.00
   7250.00
   7250.00
   7250.00
   7250.00
   7250.00
   7250.00
   7250.00
   7250.00
   7250.00
   7250.00
   7250.00
   7250.00
   7250.00
   7250.00
   7250.00
   7250.00
   7250.00
   7250.00
   7250.00
   7250.00
   7250.00
   7250.00
   7250.00
   7250.00
   7250.00
   7250.00
   7250.00
   7250.00
   7250.00
   7250.00
   7250.00
   7250.00
   7250.00
   7250.00
   7250.00
   7250.00
   7250.00
   7250.00
   7250.00
   7250.00
   7250.00
   7250.00
   7250.00
   7250.00
   7250.00
   7250.00
   7250.00
   7250.00
   7250.00
   7250.00
   7250.00
   7250.00
   7250.00
   7250.00
   7250.00
   7250.00
   7250.00
   7250.00
   7250.00
   7250.00
   7250.00
   7250.00
   7250.00
   7270.00
   7270.00
   7270.00
   7270.00
   7270.00
   7270.00
   7270.00
   7270.00
   7270.00
   7270.00
   7270.00
   7270.00
   7270.00
   7270.00
   7270.00
   7270.00
   7270.00
   7270.00
   7270.00
   7270.00
   7270.00
   7270.00
   7270.00
   7270.00
   7270.00
   7270.00
   7270.00
   7270.00
   7270.00
   7270.00
   7270.00
   7270.00
   7270.00
   7270.00
   7270.00
   7270.00
   7270.00
   7270.00
   7270.00
   7270.00
   7270.00
   7270.00
   7270.00
   7270.00
   7270.00
   7270.00
   7270.00
   7270.00
   7270.00
   7270.00
   7270.00
   7270.00
   7270.00
   7270.00
   7270.00
   7270.00
   7270.00
   7270.00
   7270.00
   7270.00
   7270.00
   7270.00
   7270.00
   7270.00
   7270.00
   7270.00
   7270.00
   7270.00
   7270.00
   7270.00
   7270.00
   7270.00
   7290.00
   7290.00
   7290.00
   7290.00
   7290.00
   7290.00
   7290.00
   7290.00
   7290.00
   7290.00
   7290.00
   7290.00
   7290.00
   7290.00
   7290.00
   7290.00
   7290.00
   7290.00
   7290.00
   7290.00
   7290.00
   7290.00
   7290.00
   7290.00
   7290.00
   7290.00
   7290.00
   7290.00
   7290.00
   7290.00
   7290.00
   7290.00
   7290.00
   7290.00
   7290.00
   7290.00
   7290.00
   7290.00
   7290.00
   7290.00
   7290.00
   7290.00
   7290.00
   7290.00
   7290.00
   7290.00
   7290.00
   7290.00
   7290.00
   7290.00
   7290.00
   7290.00
   7290.00
   7290.00
   7290.00
   7290.00
   7290.00
   7290.00
   7290.00
   7290.00
   7290.00
   7290.00
   7290.00
   7290.00
   7290.00
   7290.00
   7290.00
   7290.00
   7290.00
   7290.00
   7290.00
   7290.00
   7310.00
   7310.00
   7310.00
   7310.00
   7310.00
   7310.00
   7310.00
   7310.00
   7310.00
   7310.00
   7310.00
   7310.00
   7310.00
   7310.00
   7310.00
   7310.00
   7310.00
   7310.00
   7310.00
   7310.00
   7310.00
   7310.00
   7310.00
   7310.00
   7310.00
   7310.00
   7310.00
   7310.00
   7310.00
   7310.00
   7310.00
   7310.00
   7310.00
   7310.00
   7310.00
   7310.00
   7310.00
   7310.00
   7310.00
   7310.00
   7310.00
   7310.00
   7310.00
   7310.00
   7310.00
   7310.00
   7310.00
   7310.00
   7310.00
   7310.00
   7310.00
   7310.00
   7310.00
   7310.00
   7310.00
   7310.00
   7310.00
   7310.00
   7310.00
   7310.00
   7310.00
   7310.00
   7310.00
   7310.00
   7310.00
   7310.00
   7310.00
   7310.00
   7310.00
   7310.00
   7310.00
   7310.00
   7330.00
   7330.00
   7330.00
   7330.00
   7330.00
   7330.00
   7330.00
   7330.00
   7330.00
   7330.00
   7330.00
   7330.00
   7330.00
   7330.00
   7330.00
   7330.00
   7330.00
   7330.00
   7330.00
   7330.00
   7330.00
   7330.00
   7330.00
   7330.00
   7330.00
   7330.00
   7330.00
   7330.00
   7330.00
   7330.00
   7330.00
   7330.00
   7330.00
   7330.00
   7330.00
   7330.00
   7330.00
   7330.00
   7330.00
   7330.00
   7330.00
   7330.00
   7330.00
   7330.00
   7330.00
   7330.00
   7330.00
   7330.00
   7330.00
   7330.00
   7330.00
   7330.00
   7330.00
   7330.00
   7330.00
   7330.00
   7330.00
   7330.00
   7330.00
   7330.00
   7330.00
   7330.00
   7330.00
   7330.00
   7330.00
   7330.00
   7330.00
   7330.00
   7330.00
   7330.00
   7330.00
   7330.00
   7350.00
   7350.00
   7350.00
   7350.00
   7350.00
   7350.00
   7350.00
   7350.00
   7350.00
   7350.00
   7350.00
   7350.00
   7350.00
   7350.00
   7350.00
   7350.00
   7350.00
   7350.00
   7350.00
   7350.00
   7350.00
   7350.00
   7350.00
   7350.00
   7350.00
   7350.00
   7350.00
   7350.00
   7350.00
   7350.00
   7350.00
   7350.00
   7350.00
   7350.00
   7350.00
   7350.00
   7350.00
   7350.00
   7350.00
   7350.00
   7350.00
   7350.00
   7350.00
   7350.00
   7350.00
   7350.00
   7350.00
   7350.00
   7350.00
   7350.00
   7350.00
   7350.00
   7350.00
   7350.00
   7350.00
   7350.00
   7350.00
   7350.00
   7350.00
   7350.00
   7350.00
   7350.00
   7350.00
   7350.00
   7350.00
   7350.00
   7350.00
   7350.00
   7350.00
   7350.00
   7350.00
   7350.00
   7370.00
   7370.00
   7370.00
   7370.00
   7370.00
   7370.00
   7370.00
   7370.00
   7370.00
   7370.00
   7370.00
   7370.00
   7370.00
   7370.00
   7370.00
   7370.00
   7370.00
   7370.00
   7370.00
   7370.00
   7370.00
   7370.00
   7370.00
   7370.00
   7370.00
   7370.00
   7370.00
   7370.00
   7370.00
   7370.00
   7370.00
   7370.00
   7370.00
   7370.00
   7370.00
   7370.00
   7370.00
   7370.00
   7370.00
   7370.00
   7370.00
   7370.00
   7370.00
   7370.00
   7370.00
   7370.00
   7370.00
   7370.00
   7370.00
   7370.00
   7370.00
   7370.00
   7370.00
   7370.00
   7370.00
   7370.00
   7370.00
   7370.00
   7370.00
   7370.00
   7370.00
   7370.00
   7370.00
   7370.00
   7370.00
   7370.00
   7370.00
   7370.00
   7370.00
   7370.00
   7370.00
   7370.00
   7390.00
   7390.00
   7390.00
   7390.00
   7390.00
   7390.00
   7390.00
   7390.00
   7390.00
   7390.00
   7390.00
   7390.00
   7390.00
   7390.00
   7390.00
   7390.00
   7390.00
   7390.00
   7390.00
   7390.00
   7390.00
   7390.00
   7390.00
   7390.00
   7390.00
   7390.00
   7390.00
   7390.00
   7390.00
   7390.00
   7390.00
   7390.00
   7390.00
   7390.00
   7390.00
   7390.00
   7390.00
   7390.00
   7390.00
   7390.00
   7390.00
   7390.00
   7390.00
   7390.00
   7390.00
   7390.00
   7390.00
   7390.00
   7390.00
   7390.00
   7390.00
   7390.00
   7390.00
   7390.00
   7390.00
   7390.00
   7390.00
   7390.00
   7390.00
   7390.00
   7390.00
   7390.00
   7390.00
   7390.00
   7390.00
   7390.00
   7390.00
   7390.00
   7390.00
   7390.00
   7390.00
   7390.00
   7410.00
   7410.00
   7410.00
   7410.00
   7410.00
   7410.00
   7410.00
   7410.00
   7410.00
   7410.00
   7410.00
   7410.00
   7410.00
   7410.00
   7410.00
   7410.00
   7410.00
   7410.00
   7410.00
   7410.00
   7410.00
   7410.00
   7410.00
   7410.00
   7410.00
   7410.00
   7410.00
   7410.00
   7410.00
   7410.00
   7410.00
   7410.00
   7410.00
   7410.00
   7410.00
   7410.00
   7410.00
   7410.00
   7410.00
   7410.00
   7410.00
   7410.00
   7410.00
   7410.00
   7410.00
   7410.00
   7410.00
   7410.00
   7410.00
   7410.00
   7410.00
   7410.00
   7410.00
   7410.00
   7410.00
   7410.00
   7410.00
   7410.00
   7410.00
   7410.00
   7410.00
   7410.00
   7410.00
   7410.00
   7410.00
   7410.00
   7410.00
   7410.00
   7410.00
   7410.00
   7410.00
   7410.00
   7430.00
   7430.00
   7430.00
   7430.00
   7430.00
   7430.00
   7430.00
   7430.00
   7430.00
   7430.00
   7430.00
   7430.00
   7430.00
   7430.00
   7430.00
   7430.00
   7430.00
   7430.00
   7430.00
   7430.00
   7430.00
   7430.00
   7430.00
   7430.00
   7430.00
   7430.00
   7430.00
   7430.00
   7430.00
   7430.00
   7430.00
   7430.00
   7430.00
   7430.00
   7430.00
   7430.00
/
PORO
      0.20
      0.20
      0.20
      0.20
      0.20
      0.20
      0.20
      0.20
      0.20
      0.20
      0.20
      0.20
      0.20
      0.20
      0.20
      0.20
      0.20
      0.20
      0.20
      0.20
      0.20
      0.20
      0.20
      0.20
      0.20
      0.20
      0.20
      0.20
      0.20
      0.20
      0.20
      0.20
      0.20
      0.20
      0.20
      0.20
      0.20
      0.20
      0.20
      0.20
      0.20
      0.20
      0.20
      0.20
      0.20
      0.20
      0.20
      0.20
      0.20
      0.20
      0.20
      0.20
      0.20
      0.20
      0.20
      0.20
      0.20
      0.20
      0.20
      0.20
      0.20
      0.20
      0.20
      0.20
      0.20
      0.20
      0.20
      0.20
      0.20
      0.20
      0.20
      0.20
      0.20
      0.20
      0.20
      0.20
      0.20
      0.20
      0.20
      0.20
      0.20
      0.20
      0.20
      0.20
      0.20
      0.20
      0.20
      0.20
      0.20
      0.20
      0.20
      0.20
      0.20
      0.20
      0.20
      0.20
      0.20
      0.20
      0.20
      0.20
      0.20
      0.20
      0.20
      0.20
      0.20
      0.20
      0.20
      0.20
      0.20
      0.20
      0.20
      0.20
      0.20
      0.20
      0.20
      0.20
      0.20
      0.20
      0.20
      0.20
      0.20
      0.20
      0.20
      0.20
      0.20
      0.20
      0.20
      0.20
      0.20
      0.20
      0.20
      0.20
      0.20
      0.20
      0.20
      0.20
      0.20
      0.20
      0.20
      0.20
      0.20
      0.20
      0.20
      0.20
      0.20
      0.20
      0.20
      0.20
      0.20
      0.20
      0.20
      0.20
      0.20
      0.20
      0.20
      0.20
      0.20
      0.20
      0.20
      0.20
      0.20
      0.20
      0.20
      0.20
      0.20
      0.20
      0.20
      0.20
      0.20
      0.20
      0.20
      0.20
      0.20
      0.20
      0.20
      0.20
      0.20
      0.20
      0.20
      0.20
/
PERMX
    100.00
    100.00
    100.00
    100.00
    100.00
    100.00
    100.00
    100.00
    100.00
    100.00
    100.00
    100.00
    100.00
    100.00
    100.00
    100.00
    100.00
    100.00
    100.00
    100.00
    100.00
    100.00
    100.00
    100.00
    100.00
    100.00
    100.00
    100.00
    100.00
    100.00
    100.00
    100.00
    100.00
    100.00
    100.00
    100.00
    100.00
    100.00
    100.00
    100.00
    100.00
    100.00
    100.00
    100.00
    100.00
    100.00
    100.00
    100.00
    100.00
    100.00
    100.00
    100.00
    100.00
    100.00
    100.00
    100.00
    100.00
    100.00
    100.00
    100.00
    100.00
    100.00
    100.00
    100.00
    100.00
    100.00
    100.00
    100.00
    100.00
    100.00
    100.00
    100.00
    100.00
    100.00
    100.00
    100.00
    100.00
    100.00
    100.00
    100.00
    100.00
    100.00
    100.00
    100.00
    100.00
    100.00
    100.00
    100.00
    100.00
    100.00
    100.00
    100.00
    100.00
    100.00
    100.00
    100.00
    100.00
    100.00
    100.00
    100.00
    100.00
    100.00
    100.00
    100.00
    100.00
    100.00
    100.00
    100.00
    100.00
    100.00
    100.00
    100.00
    100.00
    100.00
    100.00
    100.00
    100.00
    100.00
    100.00
    100.00
    100.00
    100.00
    100.00
    100.00
    100.00
    100.00
    100.00
    100.00
    100.00
    100.00
    100.00
    100.00
    100.00
    100.00
    100.00
    100.00
    100.00
    100.00
    100.00
    100.00
    100.00
    100.00
    100.00
    100.00
    100.00
    100.00
    100.00
    100.00
    100.00
    100.00
    100.00
    100.00
    100.00
    100.00
    100.00
    100.00
    100.00
    100.00
    100.00
    100.00
    100.00
    100.00
    100.00
    100.00
    100.00
    100.00
    100.00
    100.00
    100.00
    100.00
    100.00
    100.00
    100.00
    100.00
    100.00
    100.00
    100.00
    100.00
    100.00
    100.00
/
PERMY
    100.00
    100.00
    100.00
    100.00
    100.00
    100.00
    100.00
    100.00
    100.00
    100.00
    100.00
    100.00
    100.00
    100.00
    100.00
    100.00
    100.00
    100.00
    100.00
    100.00
    100.00
    100.00
    100.00
    100.00
    100.00
    100.00
    100.00
    100.00
    100.00
    100.00
    100.00
    100.00
    100.00
    100.00
    100.00
    100.00
    100.00
    100.00
    100.00
    100.00
    100.00
    100.00
    100.00
    100.00
    100.00
    100.00
    100.00
    100.00
    100.00
    100.00
    100.00
    100.00
    100.00
    100.00
    100.00
    100.00
    100.00
    100.00
    100.00
    100.00
    100.00
    100.00
    100.00
    100.00
    100.00
    100.00
    100.00
    100.00
    100.00
    100.00
    100.00
    100.00
    100.00
    100.00
    100.00
    100.00
    100.00
    100.00
    100.00
    100.00
    100.00
    100.00
    100.00
    100.00
    100.00
    100.00
    100.00
    100.00
    100.00
    100.00
    100.00
    100.00
    100.00
    100.00
    100.00
    100.00
    100.00
    100.00
    100.00
    100.00
    100.00
    100.00
    100.00
    100.00
    100.00
    100.00
    100.00
    100.00
    100.00
    100.00
    100.00
    100.00
    100.00
    100.00
    100.00
    100.00
    100.00
    100.00
    100.00
    100.00
    100.00
    100.00
    100.00
    100.00
    100.00
    100.00
    100.00
    100.00
    100.00
    100.00
    100.00
    100.00
    100.00
    100.00
    100.00
    100.00
    100.00
    100.00
    100.00
    100.00
    100.00
    100.00
    100.00
    100.00
    100.00
    100.00
    100.00
    100.00
    100.00
    100.00
    100.00
    100.00
    100.00
    100.00
    100.00
    100.00
    100.00
    100.00
    100.00
    100.00
    100.00
    100.00
    100.00
    100.00
    100.00
    100.00
    100.00
    100.00
    100.00
    100.00
    100.00
    100.00
    100.00
    100.00
    100.00
    100.00
    100.00
    100.00
    100.00
    100.00
/
PERMZ
    100.00
    100.00
    100.00
    100.00
    100.00
    100.00
    100.00
    100.00
    100.00
    100.00
    100.00
    100.00
    100.00
    100.00
    100.00
    100.00
    100.00
    100.00
    100.00
    100.00
    100.00
    100.00
    100.00
    100.00
    100.00
    100.00
    100.00
    100.00
    100.00
    100.00
    100.00
    100.00
    100.00
    100.00
    100.00
    100.00
    100.00
    100.00
    100.00
    100.00
    100.00
    100.00
    100.00
    100.00
    100.00
    100.00
    100.00
    100.00
    100.00
    100.00
    100.00
    100.00
    100.00
    100.00
    100.00
    100.00
    100.00
    100.00
    100.00
    100.00
    100.00
    100.00
    100.00
    100.00
    100.00
    100.00
    100.00
    100.00
    100.00
    100.00
    100.00
    100.00
    100.00
    100.00
    100.00
    100.00
    100.00
    100.00
    100.00
    100.00
    100.00
    100.00
    100.00
    100.00
    100.00
    100.00
    100.00
    100.00
    100.00
    100.00
    100.00
    100.00
    100.00
    100.00
    100.00
    100.00
    100.00
    100.00
    100.00
    100.00
    100.00
    100.00
    100.00
    100.00
    100.00
    100.00
    100.00
    100.00
    100.00
    100.00
    100.00
    100.00
    100.00
    100.00
    100.00
    100.00
    100.00
    100.00
    100.00
    100.00
    100.00
    100.00
    100.00
    100.00
    100.00
    100.00
    100.00
    100.00
    100.00
    100.00
    100.00
    100.00
    100.00
    100.00
    100.00
    100.00
    100.00
    100.00
    100.00
    100.00
    100.00
    100.00
    100.00
    100.00
    100.00
    100.00
    100.00
    100.00
    100.00
    100.00
    100.00
    100.00
    100.00
    100.00
    100.00
    100.00
    100.00
    100.00
    100.00
    100.00
    100.00
    100.00
    100.00
    100.00
    100.00
    100.00
    100.00
    100.00
    100.00
    100.00
    100.00
    100.00
    100.00
    100.00
    100.00
    100.00
    100.00
    100.00
    100.00
    100.00
/
